01111111111111111111111111111111
00000000000000000000000000000000
01111111110110001011011010011110
11111110011011011110001011100000
01111111011000111000010101101101
11111100110111000010010101111010
01111110100111110010111010010010
11111011010010110010011111000010
01111101100010111100000000100111
11111001101110110101101010111011
01111100001010010110100111101011
11111000001011100010100001101111
01111010011110000111110111111001
11110110101000110100001011111000
01111000011110010111000001100010
11110101000110110101010101010001
01110110001011001011000000100001
11110011100101110000110110110101
01110011100100101100111000101011
11110010000101110001101100011010
01110000101011000111110101101011
11110000100111000010111000000100
01101101011110101001001000001111
11101111001001101111010000001111
01101001111111100000000101001000
11101101101110000001101010100100
01100110001101111110000100110101
11101100010100000100111011110101
01100010001010010110100010010000
11101010111100000011110111101001
01011101110100111110111000101011
11101001100110001001001110001011
01011001001110001110100010011010
11101000010010011111101010001100
01010100010110011110110101100100
11100111000001010001101111001001
01001111001110001011000100101111
11100101110010101001110110110101
01001001110101110000011100011000
11100100100110110010001111001111
01000100001101101110000000101000
11100011011101110100111001110100
00111110010110011110011101001101
11100010010111010100000000111001
00111000011111101110111010110011
11100001010011000010000100101011
00110010100010011010100001000100
11100000010001001001101010110100
00101100011100110010101111011110
11011111010001110101010001000010
00100110001111100010000011111111
11011110010101001110111110111101
00011111111011010100100011101000
11011101011011100000100101110011
00011001100000110111110100100011
11011100100100110011100000011101
00010011000000111010111011000110
11011011110001010000110100110000
00001100011100001110011001101111
11011011000001000001010011010011
00000101110011100100100000101000
11011010010100001101011000000011
11111111001000110000101111110011
11011001101010111101001011011011
11111000011110000110111100001000
11011001000101011000100001010000
11110001110001101100001001000101
11011000100011100110111001001111
11101011000100110011010101001100
11011000000101101111001111110111
11100100011000010000000111101000
11010111101011110111111100111100
11011101101100110101110000001000
11010111010110000110111111111111
11010111000011010111000101110001
11010111000100100001110100011110
11010000011100100110100011101011
11010110110111001101001111111100
11001001111001010110000110001000
11010110101110001101100010111101
11000011011010001111101111011110
11010110101001100110001001101010
10111101000000110110110100100001
11010110101001011001101011111001
10110110101101111100010100110110
11010110101101101001111101010000
10110000100010011000010100001110
11010110110110010111111101011000
10101010011111000010010010000110
11010111000011100011110111111001
10100100100100110000111110110000
11010111010101001101000100111101
10011110110100011010010010001001
11010111101011010010001001011100
10011001001110110011000100011101
11011000000101110000110111010101
10010011110100101111000011010010
11011000100100100110001110010011
10001110100111000000100111100000
11011001000111101110011100000111
10001001100110011000101100101001
11011001101111000100111101110001
10000100110011100110100100110101
11011010011010100100100000011001
10000000001111010111110110010101
11011011001010000111000010100010
01111011111010011000010111001110
11011011111101100101110101111010
01110111110101010010001000100110
11011100110100111001100000110110
01110100000000101101010001110011
11011101101111111001111111100010
01110000011101001111111100110111
11011110101110011110100101011000
01101101001011011110010100110000
11011111110000011101111110110000
01101010001011111010100011000100
11100000110101101110010010101110
01100111011111000100101100011011
11100001111110000101010011111100
01100101000101011010101110000100
11100011001001011000010010100101
01100010111111011000011011001100
11100100010111011011111110000101
01100001001101010111011010000010
11100101101000000100100111010100
01011111101111101110111111000111
11100110111011000110000010110010
