00000000111011100101000000110101
00000100011111111111110000101000
11111010001011010101101011101011
00000001111110101001010100010010
00000010010110101101000110011001
11111010101101110001001110000110
11111011111101110111010011100011
00000000011101011000101000001100
11111111111101011111101111111011
11111100100100101000011000001010
00000001110110111000111010101101
11111111101001010000110100000100
00000001101001000001001011011111
11111110110010011110110000000010
11111111000100000100100010100101
11111101100011010100111111001100
11111101110000011000000100001111
11111111000110110110101010110011
00000000110110100100101110000001
11111101101000001010110101000011
00000000110011111111111101100100
00000000001000100100100111111100
11111111110111011001111100000000
00000010010011001111111110000110
00000000101101111111101101001111
11111111011101000101101100101100
11111111111100000001001110000111
00000000000111111110010011111000
11111111010111001001110000100111
00000000011110100110110000101010
00000000000101110000101010101111
11111111111100001000100110110110
11111111110110001101011101110010
00000000000101111110001001000000
00000010111000001010001011101000
00000000011111010101110110011010
11111110100111111011110001111100
00000010000011011110010000111110
00000001010011000000100111011010
11111111000000110110111010010000
11111111101001010100110111110000
00000001001110000001110001110000
00000001000010101011111101100010
00000000110010101100100101110100
11111111011000000100100011010001
00000000100001000110011100001101
00000001101110111000101111011101
11111111110011100011000111001111
11111111000000111110011111110001
00000000001100011011110000100000
11111111110111010100110011001101
11111110100101101001000111101000
00000000001110110011101011101011
00000000110100100100100110001010
00000000111101111100111000101111
11111111101000100000001111001110
11111111101110110100001011101000
11111111111100010111001110100100
00000000100001111000111011011000
00000000010110001001000011100010
11111111010100001101000011010101
11111111101001001000100010100101
00000001001011110001010100000011
00000000001010000111101011100101
00000010111000001010000110100000
11100001001101010100100111100001
11111111101100011100100011011000
00000000100111011101000011100001
11111110011111110100110110110110
11111101111010110101110110110101
11111011101110011101100011001010
00000011100010010001001000011001
11111101010111010001111110000001
11111010100011000111110101011001
11111111111001001010011011111101
11111101000011010001011001000101
11111101100011111011000110000101
11111111110011010110000000011101
11111101110010100000100010001001
11111110000100010011101110101101
11111110111000010111011010110100
11111110111001110001111111101000
00000001100000000010011001001110
00000001011010000000101000101110
11111110110011110111011010100000
00000001000001010011111101001110
11111101111111110000100110000110
11111101111011100111111010011100
11111111011100010001010011001001
11111111110101000101101100000100
00000000101000011000001010111101
11111111000011100110010011010010
11111111000111110101110010000000
00000000100001111101111100011101
11111111000001001011100011100010
11111110001111011100110101101001
00001001011001111101111110100011
00000111000101011111111110101011
11111111000011010110010110000001
11111101100011110111101010110101
00000001110011001010000010101101
11111100001000011010101011010001
00000000010011111111010110110111
00000000000010011100111000010011
00000110011010011101000001111000
11111110111111000000011010110000
00000000011010111000011010010110
11111110100000011100101101011010
00000000001001001010001101000010
11111101101110011110100010000010
11111111001100001010010101010000
11111111001100110101110000011000
00000110110001010111101111101101
11110101001110101010010100011110
00000000000111000101111000100001
00000001101010011111011100000000
11111110100010100001001011100110
11111110100100110011111111111101
11111101011011100101100110100100
00000000101110000100110000111101
00000000010100101111110101110011
00000011011010010011100010001100
00000001000000101010011101010011
11111111001000110011101110100000
00000010110011000111000110010111
11111101100100010100011101100110
11111110001101000000100010101011
00000001001111000101000100000010
