-205351672
210043607
78910063
-138485011
156673789
45517826
278745984
45517826
-71262188
78910063
210043607
156673789
-138485011
278745984
45517826
-71262188
45517826
292756918
-26502398
79806670
81481046
6118226
-32821906
78529450
183049699
100131934
-14313763
-5353680
106901251
-94037660
1415637
103325802
-104324748
47885374
660146
-21739876
-20905632
-120229912
168677866
2628206
-816604
93039145
119675860
25106867
76212449
149539164
-10432449
114205764
-101739395
152140373
31500671
95371157
-95453182
25807846
-177591002
-89698972
-299194
79315060
70887356
-60530014
137553644
109277930
-2291430
38091380
-1091032
-115518907
160151764
157312341
287648938
18532755
-136437050
108152423
174506252
27594692
32895690
35566452
126028589
8982129
60890733
154544851
33286858
-174980145
-275660002
1482045
-117107313
25277456
-127008543
103490192
-80588106
79797210
31944628
-60491380
97056374
191682124
-43232216
79149390
-69118210
69038561
158876984
6435291
-67856090
69574123
26369116
5783285
-86998164
-111375739
-84343910
-93963155
-173239499
-144048398
-158592003
-127076760
-53250614
-60849078
-19665114
-137405530
-89222864
-207949868
-45551228
-191104752
-123848801
-75623322
-134921171
37249966
-193712964
-57553233
-80839676
-46480863
