123456789
-987654321
456789123
-321654987
789123456
-654987321
135792468
-987654123
246813579
-135792468
987654321
-246813579
543216789
-123987654
789654123
-654321987
321987654
-789321456
987123654
-456789321
654789123
-321654789
135987246
-987135642
246579813
-135468297
987312654
-246579138
543789216
-123654987
789312456
-654987321
321654987
-789456123
987321654
-456789321
654789321
-321987654
135987321
-987135987
246579987
-135468579
987312789
-246579789
543789789
-123654789
789312987
-654987987
321654789
-789456789
987321987
-456789987
654789987
-321987987
135987987
-987135135
246579135
-135468135
987312135
-246579135
543789135
-123654135
789312135
-654987135
-102345678
876543210
-567891234
432165987
-891234567
765432189
-357924681
876543219
-468135792
357924681
-876543210
468135792
-432167890
123789654
-876543123
432198765
-219876543
789432165
-987654123
654321789
-321789456
987654321
-135789246
987135642
-579813246
468297135
-312654987
579138246
-789216543
654987123
-312456789
987321654
-654987321
456123789
-321654987
987654123
-789321654
321987654
-987321135
135987987
-579987246
468579135
-312789987
579789246
-789789543
654789123
-312987789
987987654
-654789321
456789987
-321987654
789789456
-987987321
987321987
-135135987
135987135
-579135246
468135579
-312135789
579135987
-789135543
654135789
-312135987
987135654
