00000111010110111100110100010101
11000101001000011001011101001111
00011011001110100000110010000011
11101100110100111110111100110101
00101111000010010001000110000000
11011000111101011010111111000111
00001000000110000000011101010100
11000101001000011001100000010101
00001110101101100001001110001011
11110111111001111111100010101100
00111010110111100110100010110001
11110001010010011110110001110101
00100000011000001101010010010101
11111000100111000001100100111010
00101111000100010010101001101011
11011000111111111101011010111101
00010011001100010010010001000110
11010000111100111110100100010000
00111010110101100100111111000110
11100100110001011111001010110111
00100111000001110100101000000011
11101100110100111110111111111011
00001000000110110000000000101110
11000101001010011000000101100110
00001110101100101000001001100101
11110111111011001110101011110111
00111010110110010011001000001110
11110001010011011000000000111110
00100000011010011001000010100000
11111000101000010010110010110101
00101111000010111111001111001000
11011000111101011010111111000111
00010011001011000001000011001011
11010000111100011101101100000101
00111010110110010101010100110110
11100100110001011111001010110111
00100111000001110100101011001001
11101100110011101101101110111010
00001000000110110000000001111001
11000101001010011000000000001101
00001110101100101000001100010011
11110111111011001110100111011101
00111010110110010011001010010101
11110001010011010111110110110011
00100000011010011001001011011101
11111000101000010010110101111011
00101111000010111111010111011011
11011000111101011010110100101101
00010011001011000001000000000101
11010000111100011101100001101011
00111010110110010101011010000011
11100100110001011111000000011101
00100111000001110100110101100011
11101100110011101101101001101101
00001000000110110000001100010011
11000101001010011000001101100001
00001110101100100111111110111111
11110111111011001110101110011001
00111010110110010011000000000111
11110001010011011000000001000001
00100000011010011001000001001111
11111000101000010011000000001001
00101111000010111111001010000111
11011000111101011011000010000001
11111001111001100101010000110010
00110100001111101111110011101010
11011110001001101010101011011110
00011001110000100101010001100011
11001010111000001101011011111001
00101101100111111001000101111101
11101010101010101000000010110111
00110100001111101111110011110011
11100100000110001101000010010000
00010101010101010111111101001001
11001011110000010000001100010110
00011011111001110010111101110000
11100110001111011010010000101110
00000111011000001110000101010110
11001011110000010000001101101101
00011001110000101101010001101101
11110010111001001111001101000001
00101111000011011100011101100101
11000101001000011001100000010101
00100111000000000010100001111101
11101100110100011110000111110000
00111010110111100110100010110001
11110111111010000000010101000010
00111010110101100111111010011010
11011101011100001100000010000010
00011011111010011010010110101111
11101101010111010100001101110101
00100010100001001111001011000110
11010000111101011000001011100001
00100111000010100100111101110011
11101101011000000100100110101011
00111010110110010101010100110110
11011000111101011010111111000111
00011011001011111110010110001101
11101100110100111110111100110101
00111010110111100110011111101011
11010000111100111110100001001010
00010011001100010010010001000110
11000101001001101010110011010001
00001000000110110000001100010011
11011101011011100001100011010010
00011011111011011111001100111111
11101101010110110011010000011101
00100010100011101110000110111110
11010000111011001100010010011001
00100111000001110100101000000011
11101101010110000010111101110011
00111010111000110111111011000110
11011000111110001011010100110111
00011011001110100000111111100011
11101100110011101101101110111010
00101111000100110011101100010000
11000101000111001000001010000111
00111010110110010101011010000011
11110111111100011111110100001101
00001000000110101111111110111111
11011101011110110001100011110010
00011011111001110010111010011011
11101101011001010010111110010011
00100010100001001110100111110011
11010000111101101011111101001001
00100110111111010101000111101101
11101101011001010010111011001101
00111010110101100111111010100110
