15618101
75496488
-97690901
33199378
39506329
-88665210
-67668765
7703052
-656389
-57506294
31166125
-5960444
27529951
-20321278
-15710043
-41070644
-37650161
-14980429
14306177
-39801533
13631332
2247164
-2253056
38600582
12057423
-9151700
-1043577
2090232
-10707929
8023082
1510063
-1013322
-2566286
1565248
48276200
8215962
-23085956
34464830
21760474
-16552304
-5943824
20454512
17481570
13289844
-10467119
8677133
29068253
-3264049
-16521231
3259424
-2274099
-23686680
3881707
13781386
16240175
-6159410
-4504856
-953436
8883928
5804258
-11480875
-5994331
19862787
2652901
48275872
-516601375
-5125928
10342625
-25211466
-34906699
-71706422
59314713
-44228735
-91456167
-1792259
-49473979
-40914555
-3317731
-37091191
-32425043
-18778444
-18407448
25175630
23595566
-19958112
17121102
-33617530
-34701668
-9366327
-2860284
10584765
-15833902
-14721920
8904477
-16467742
-29504151
157802403
118882219
-15899263
-40928587
30187693
-64902447
5240247
642579
107597944
-17037648
7046806
-25048230
2401090
-38147966
-13589168
-13411304
113605613
-180706018
1859105
27916032
-24505626
-23904259
-43099740
12078141
5438835
57227404
16951123
-14468192
46952855
-40810650
-30144341
20730114
