2147483647
0
2144908958
-26352928
2137228653
-52681350
2124361362
-78960702
2106310695
-105162053
2083088875
-131192721
2054716921
-157072648
2021224546
-182758063
1982640161
-208204363
1939000875
-233366758
1890352491
-258200060
1836749327
-282659825
1778254152
-306701660
1714938165
-330281227
1646880912
-353354263
1574170155
-375876725
1496901786
-397804916
1415179620
-419095607
1329115439
-439706187
1238828824
-459594801
1144447016
-478720396
1046079309
-497205191
947842739
-515104469
847882308
-532374860
745745374
-548973502
641605887
-564858947
535644392
-579991181
428047651
-594331619
319008454
-607843024
208725615
-620489517
97404968
-632236541
-14480397
-643050789
-126324984
-652900272
-238632379
-661754289
-351062708
-669584393
-463404568
-676364484
-575448056
-682070017
-686984847
-686678754
-797808405
-690170884
-907714168
-692528963
-1016529954
-693738902
-1123848927
-693789959
-1229470410
-692674736
-1333164786
-690389160
-1434704762
-686932487
-1533866064
-682307267
-1630428023
-676519332
-1724174051
-669577771
-1814892334
-661494893
-1902376480
-652286201
-1986426071
-641970319
-2066847435
-630568935
-2143453803
-618106718
2078901710
-604611206
2010456614
-590112714
1946342515
-574644254
1886715703
-558241448
1831724336
-540942416
1781508292
-522787666
1736198939
-503819012
1695918980
-484080475
1660782284
-463618171
1630893698
-442480172
1606348743
-420716366
